100
6526
6526
6526
879
9253
26
56
272
39
513
9965
36
4848
8592
5605
255
9318
56
18
9944
3
8
9934
1
57
9828
56
209
9698
47
984
9533
4184
529
9944
3543
2
9466
46
398
9819
82
19
9930
10
756
5514
2147
57
4588
3001
4699
6401
50
7614
8617
3394
30
73
23
29
9968
25
223
4929
1768
995
9591
41
4718
4718
4718
462
9721
43
814
9532
7
164
9725
54
5751
6927
7923
12
9888
8
408
9349
30
4160
9537
64
938
7493
1144
854
9082
70
670
9850
1
957
9528
65
348
9006
4
9605
9997
98
774
9113
39
270
9495
52
788
4206
210
3200
9998
8471
224
440
23
176
9028
27
82
9355
99
3884
9080
4369
9055
9267
435
872
9470
71
358
9636
4
399
482
31
22
9906
6
3456
7114
3659
34
9877
2
933
9145
30
884
9794
49
5700
6806
6113
3129
7359
46
232
9088
60
952
9019
18
423
9335
13
4559
5164
56
1016
4210
3517
1791
3787
2609
7479
9852
6736
2932
8588
7
1221
9455
61
230
9039
46
870
1324
2163
1281
1281
1281
341
5638
857
4502
8611
79
3619
4927
77
395
9369
74
28
9918
4
464
9826
55
942
9734
26
186
9127
65
1205
3629
9292
454
9351
2
34
397
33
19
9969
5
354
9503
64
583
9807
92
280
9020
41
752
9494
94
408
469
35
27
9974
7
3382
4243
6173
6583
9134
6536
1143
5910
4581
3103
9243
7078
29
9956
9
2557
3205
7032
432
9736
66
178
243
53
119
9714
79
3599
5691
1046
1081
9851
6513
972
9935
62
141
286
63
1844
9140
533
